# camera focal properties

[camera_1]
    [[focal_properties]]
        focal_length = 146.985 # mm
        a_0 =   1.00000140
        a_2 =   0.28174612
        a_4 =  -0.59667259
        a_6 =   9.17151267
        a_8 =  -4.36928235
        b_0 =   0.99999822
        b_2 =  -0.28159976
        b_4 =   0.82104074
        b_6 = -10.22208978
        b_8 =  22.83962334

[camera_2]
    [[focal_properties]]
        focal_length = 146.985 # mm
        a_0 =   1.00000140
        a_2 =   0.28174612
        a_4 =  -0.59667259
        a_6 =   9.17151267
        a_8 =  -4.36928235
        b_0 =   0.99999822
        b_2 =  -0.28159976
        b_4 =   0.82104074
        b_6 = -10.22208978
        b_8 =  22.83962334

[camera_3]
    [[focal_properties]]
        focal_length = 146.985 # mm
        a_0 =   1.00000140
        a_2 =   0.28174612
        a_4 =  -0.59667259
        a_6 =   9.17151267
        a_8 =  -4.36928235
        b_0 =   0.99999822
        b_2 =  -0.28159976
        b_4 =   0.82104074
        b_6 = -10.22208978
        b_8 =  22.83962334

[camera_4]
    [[focal_properties]]
        focal_length = 146.985 # mm
        a_0 =   1.00000140
        a_2 =   0.28174612
        a_4 =  -0.59667259
        a_6 =   9.17151267
        a_8 =  -4.36928235
        b_0 =   0.99999822
        b_2 =  -0.28159976
        b_4 =   0.82104074
        b_6 = -10.22208978
        b_8 =  22.83962334
